2116
450 1921 9821 22111 48301
4138
1763 34151 1741 46161 10621
3463 2051
4518 50231 42431 15381 16571 5711 24581
3547 11161 8691 57071
748 18631 18211 41621
4827 8421 27041 55151
372 26871 2811 32691 37401 45461 52501
297 30571 23431 19261 12801 18491
1179 29621 27681 39811
1495 23541 43961 5661 4281 931 43911
1714 21501 2151 58371
2680
4533 9981
1035 52881 15821 41291
4136 30831 6351 5811 59791 29311
5889 12321 25201 14691 51321 33311 12181
4074 15941 4561 22981 11871
5439 11381 35351
5289 42671
3841
3163 53241
5704 58451
5554 56861 18031 53521 34991 44361 54111
1972 45471 53961 55531 1541
1711 59051
1569 50441 13641 4391 41681 29511
1925 56571 40321 25611 32861 46331 59611
4081 2071 2321 8421
3376 45371 33961 11931 31881
5668 57721
2424
1062 19771 22101 39711 5461 42311
3489 51121 29671
3635 9711 51241 35481 3321 47161 41951
4490 46561 19161 39711 13801
3416
3077
2036 12251 58781 59961 49431
19 33441 5551 32001
1457 26811 30081 22751 23351 10051
4004 45061
4488 59611 15211 59201 47091 3231 6621
1778 42631
1233 28401 6921 39011 2291 53911 11401
